$ANSIBLE_VAULT;1.1;AES256
33633536623636323033393061336337663164353830303137343338656238653331306534633361
3133613736636564666232316666623466386132643462330a666539343464346235383066346164
64373237636266326337663131653264393237663938636161353939613962363566663337333837
3564666463643834300a373135653032656661653666346465343336396564623836313534366237
66343539346337386335313130346538346464336461396336306262636665343863333139643136
63343535346264393161333137386130326461386337343566373533353339646565363933316535
62333663353935616664646465333035363866323437363534383736366466326161633438663266
32626435343366396134623963666230663037623363363630623561626264393631393035653738
34383739306663633831633131653236386634386166616537626561643132343364326265663734
39656435323838323638393036333839306436363134626236633166373266386538623261366266
64633565393464373139633238663230653362383735623436303335303765346135666137386239
65356435636665366363366139386266353166333764656666363138633166626339346138373937
37343037346563376535653263663631333134346166653135336261613561636161393030393036
32383234343138663263386139653965386464323830363539643465663665313539386335633337
34613135353364613935336563353430333832653031376238323137396265383534303330373262
36363965383532663632643165643935383935343939643465353030613730373265616366626466
38386330666636353739636163393965633838666535323732386435383563616538616333333931
66613166656337323533353330633064383161643766353366653461636437363134346332303864
63633865616233656563666263306236663266346266356335653664626330393563376131386432
65613032386336633934336230386531626337373238376534633662336339383962303632383636
61353861653861313064393037303331383765363431643363616430616264636631326435383331
39386133643537336161303365363164343730326632353033336635623363636431323334356539
66656530366135373463346132646463393566316437363734313136626263383064326462326333
39643033623736353730323236333938633039626365656530386265343037323662363736333032
64613364613031643365326665303766393137393737326330346430653031616361
